2379557
2524796
2330176
2349757
2447655
2458093
2297962
2298168
2394097
2432528
2253376
2268781
2587572
2613378
2642172
2654068
2413060
3089370
2499545
2452264
2529711
2006869
2024409
2290677
2422870
2212177
2500044
2251799
2345888
2414367
2263983
2535314
2541641
2335283
2312858
2635763
2477816
2244272
2216236
2674188
2670331
2648962
2735875
2409145
2214173
2445291
2300969
2261804
2598585
2133457
2868110
2955670
2381609
2113475
1814188
2149882
2247302
2120327
2052425
3708941
4721586
2709607
2041601
1758772
1661954
2845395
2308147
2104135
2106149
2157489
2523225
2684674
2434997
2573468
2268418
2095505
2094204
1965263
2185127
2149996
2145498
2563646
3664689
4217846
2924926
3633070
3322684
2007861
1631923
1492434
1679150
1607009
1447941
1764288
1651367
1992404
2078753
1794574
2050521
2484051
1938159
2294708
3330186
2731635
2602686
3594265
3741059
2851268
2154338
2523446
2128060
1816830
1955216
2108542
2189485
2438845
2099453
2488314
2439495
2579756
3010317
2447065
2179873
2069304
2169598
2076673
2184693
2450274
2287724
2472906
3619103
4209933
3740212
3353479
1916753
1870777
2158526
2500862
2540550
3061202
1695762
2287788
1983089
2064785
1984093
1996202
2366469
2419307
1930801
1971754
1867622
2098664
2204110
2222257
2473204
2368109
2475250
2851721
2212660
2153964
2189845
2454155
2624132
2665063
3032606
2307789
2164350
1900578
1889574
2075096
2875581
2580024
2483472
2736888
2969580
2134363
1928460
1671825
2062099
2342902
1983270
1817020
2284898
2666434
2606507
2398577
2144378
1955967
1996113
2321871
2058357
2179352
2580530
2551354
2686061
2619216
2135080
2708358
2671988
2881376
2906500
2520692
2349105
1878696
2091360
2385986
2126647
2193298
2190357
2032105
2314663
3346584
5146283
4340019
