1161413
1225674
1201302
1162259
1187416
1263158
1118908
1197688
1193826
1283326
1096973
1178792
1281155
1314669
1259701
1308421
1242891
1615504
1214120
1284817
1264640
974814
1012959
1126677
1237602
1109855
1262385
1174557
1173400
1213134
1183156
1253446
1209560
1137908
1144471
1322667
1288371
1158090
1129348
1334678
1298567
1324956
1346889
1208684
1130280
1165167
1114446
1164741
1281992
1186708
1477729
1432548
1218243
1063740
994791
1055733
1132355
1047381
1059023
1716575
2102113
1414229
1009974
855419
848927
1511160
1172524
1028956
1075834
1096695
1235981
1292458
1215217
1284741
1105977
1055954
1021560
963098
1173855
1096523
1218639
1349226
1820507
2099756
1505392
1727007
1681168
1033156
821170
745794
842646
793917
737234
871939
849761
1008320
1008249
918331
1017986
1270185
992345
1134434
1616014
1319109
1238520
1762548
1913054
1412273
1068425
1284358
1016036
868293
963120
1000780
1161658
1217701
1009269
1284793
1284525
1311202
1593402
1212851
1076483
1022629
1049059
988815
1013059
1180564
1110611
1220902
1873909
2085818
1971960
1773332
960070
882095
1069117
1216217
1319022
1712376
827249
1148778
953318
986860
931469
964260
1211703
1193969
914172
930878
906279
997606
1076021
1077039
1174045
1119586
1284373
1519305
1133945
1075075
1038764
1279483
1314263
1365119
1516393
1154890
1277068
1049914
917911
976417
1462545
1307911
1212040
1332439
1530811
1053897
981747
791208
1056157
1165604
969318
903692
1121523
1357572
1367403
1178061
1050877
978646
960022
1172453
1077683
1087342
1351767
1272911
1349740
1382467
1076299
1339895
1336395
1444394
1429818
1308630
1171485
981735
1061807
1189228
1067237
1092816
1099293
1038322
1158146
1754172
2499724
2222228
