182611
208343
204359
188599
191200
226065
178470
195128
199675
209581
185083
208235
220567
219020
201129
217639
212044
316555
209854
213573
204746
168017
164007
173934
214806
182976
208952
210598
204362
206906
209990
211273
197436
184839
182329
226393
231899
188824
179959
210530
207965
215906
226876
198898
191507
199933
185960
198688
217882
184429
299071
280577
209556
178243
137255
167387
183417
165104
169068
298168
366605
265715
171708
135604
133729
270062
201726
169930
177290
186336
189889
196938
197514
206245
179479
167979
158728
151562
199414
187379
196370
210229
367981
424560
272544
269025
308401
179211
143056
130851
138899
124526
119926
134317
141865
147728
153956
147243
158089
199736
163687
174945
264214
197192
289204
365623
300477
210325
161172
206860
149859
139162
147393
155842
194747
185333
149128
213116
207757
214470
268087
204384
168588
162482
161323
162056
154428
180229
174715
193030
354842
355888
344539
322043
157712
135455
170258
199695
225434
276261
131801
204307
167218
162571
149393
152907
211534
202863
149538
154326
150367
160649
172167
174410
179447
173090
206563
267726
178146
181061
170977
219564
221121
226542
251087
190932
174436
153622
147815
159824
257862
228701
202308
230670
272591
170793
169221
129148
204203
232034
181747
172702
186123
232302
243704
219314
193348
155007
146711
193121
195787
187676
214008
191911
220870
236557
171607
218865
216104
231964
233474
225377
200350
189402
198504
200729
195426
183130
191975
172962
187816
299566
428665
356001
