373033
413813
402569
384274
387655
441492
359107
394880
402774
423673
364034
403790
434199
440562
412944
432778
423405
598005
414486
422955
409802
338428
328954
357862
415808
367231
419019
402773
390170
409986
405046
415526
396411
377440
373745
439653
447410
384391
375148
432205
423965
439117
454514
399019
384262
395937
375381
391402
428728
403630
518308
489892
419486
359388
315872
357024
368160
334113
350622
587242
712990
509652
335630
274744
271062
524435
397160
341329
351758
367936
399527
414549
401436
422931
365736
347837
329368
315489
433258
379628
429059
439309
632117
791806
525122
565824
592831
347022
281537
249578
282715
254597
248358
276367
285544
315268
317451
292827
326453
408610
322684
364877
540849
411410
512865
604620
618526
451334
332669
432010
317415
275705
307918
316253
392487
391218
319669
429093
415138
432910
533169
410508
343096
335022
326109
324738
315348
379049
366891
397409
679038
684078
686961
625242
323861
281116
357592
399572
445056
589638
258020
389179
323722
322759
300743
313892
405077
404057
301406
302819
304537
319649
349962
354605
371934
357535
421263
514846
370920
356033
340994
435785
437842
456533
509785
382708
387396
335424
294870
317421
506516
442591
400312
456401
528070
345107
327551
255524
382755
410905
338561
317944
371301
461817
477335
410748
364419
322271
312838
383078
397314
372712
443978
403305
442810
477630
377342
448172
436610
464408
469997
444363
400265
323459
376005
408740
373590
362632
382117
355630
381465
589562
831695
742826
